10705
1928
460
12464
4698
4189
3871
2445
12368
1799
11321
12445
9206
1474
9853
7191
621
596
1581
3808
4042
8521
10072
476
9407
3528
12085
10900
11808
14570
7145
3822
7588
9836
4747
13647
94
12780
13602
2875
11743
7198
5754
14426
2806
3738
12812
5689
14605
1564
6441
1698
6119
5801
10104
4526
13628
840
12275
7795
9060
2146
6409
1377
9315
5045
13996
10520
10336
6137
9664
3421
11834
1173
878
11073
3931
13046
4996
1382
14538
1778
14270
14311
7707
10666
6190
2943
6266
6064
3682
11229
4556
11811
11423
10884
1201
10206
10652
3049
9021
12274
14630
2952
7857
6423
4596
10720
11538
9359
3812
11453
5510
12952
13072
1000
3977
14552
13581
5363
6874
4573
1141
3703
9533
12149
5343
3711
10991
8437
6775
10756
7793
2543
4527
14626
4228
12494
14504
9096
4492
12537
9752
7293
9728
6837
6139
13727
2422
8588
8362
1543
12732
888
1906
2755
10503
2880
11397
14555
9993
1100
6499
6465
9989
7944
8950
4305
9319
196
13332
12179
1962
11412
9067
12608
13862
12953
10736
14323
14677
5053
7396
2844
7714
42
12194
12163
4507
8473
12805
3194
8557
1856
10462
5141
10702
13048
13819
14496
13353
6296
12809
2918
9098
8967
25
10030
5503
8293
368
1930
6159
5252
4131
1037
4137
14231
14159
1460
12302
8280
1162
8995
2150
2168
11065
8115
9272
2978
13514
8931
10171
7203
3704
12924
14222
11571
3588
12041
5287
13429
11249
14491
6294
7441
8724
7636
2093
4256
3897
1111
5720
411
9801
9320
3981
9808
14463
122
1199
11899
10582
1040
3946
1153
609
5617
14573
8666
4114
4750
11223
8277
3730
12616
2242
12205
9604
9660
8061
4163
12298
6943
3395
1597
14262
11053
7335
6049
7212
7012
7936
982
11277
10965
10850
1719
1055
6893
5735
1901
4268
3410
12263
14210
7586
2461
13319
3246
12353
7862
4281
1275
7537
9290
1715
939
10945
9128
277
14540
4103
2984
6942
12345
8188
3720
13639
12410
2969
6415
38
6618
4545
7745
4929
12624
11718
9347
11074
8284
2790
3385
5110
3784
1038
9671
9148
13080
5308
1031
923
9747
8136
8500
8972
2837
1009
8568
1391
3315
1160
9957
1158
11306
4087
6913
2056
9563
4218
9669
9908
757
10341
1395
7140
11013
13437
9502
8825
5378
4461
3638
11226
5338
4119
14040
13553
2231
12598
10819
5159
7774
11404
1226
178
7782
10404
9445
1753
1247
9074
3715
8527
11358
2245
5906
11592
4171
6256
4907
13095
12543
9159
5188
10261
10966
13254
145
9331
5154
1828
2300
14241
1971
1868
13240
14303
4639
4815
10139
3697
5790
3633
10644
4512
8526
12871
13251
955
14272
10646
12233
4727
851
45
5655
2229
10692
4479
13684
7491
9298
7283
9398
11279
12855
12072
2651
9225
708
11186
9711
9316
2628
7318
2167
790
5255
6180
11485
6103
3693
12079
1824
6045
9390
11979
10388
2779
12014
2929
3158
7045
455
3204
5634
7043
4264
13176
14354
1877
6471
751
7997
3844
3535
7817
5950
5237
14009
3868
447
3439
6834
5598
14492
14031
4764
5995
13395
6852
12151
5623
528
12760
11403
13052
9700
11394
740
1880
13312
7393
5832
11823
7411
10161
8610
10308
13283
12299
12153
4330
10908
10239
35
8777
9090
3502
6177
7358
1185
12370
10248
14183
5160
8545
5266
6977
5561
12184
5096
11086
2166
13676
7163
11871
3112
9557
5172
6940
9262
13
5221
4972
10676
13738
9680
5459
7894
10861
7494
12434
8599
8069
3038
1449
4866
8694
5669
12025
11545
5271
12511
12986
2606
10561
886
13785
12753
1238
7747
7076
9658
3453
6494
8368
10327
4167
2624
59
1862
7228
3810
3140
8732
7885
11701
9363
4276
2096
7767
2286
9600
11653
9373
5388
7514
8518
7237
9876
7565
2849
8093
7595
4397
4243
4733
8808
8254
4124
4694
7461
1301
4931
4071
4628
5670
5443
9117
1392
13408
2687
3992
6483
2746
12341
13491
7086
6952
5618
9149
7922
7110
1092
3656
7150
6592
373
6460
11669
71
6012
13022
6609
11435
10128
14669
8292
13413
4647
7409
11971
564
6577
5688
6926
13376
7938
14678
13802
480
6733
9026
1427
13453
2322
7849
3223
9578
4431
11577
5588
12617
11833
5569
5711
11099
13931
7186
4314
11450
10464
12863
965
10441
3888
11201
764
603
14582
10455
386
12196
11379
2154
9778
13205
3786
12470
4367
6250
2999
8712
2963
5279
10492
467
12607
6327
6807
3527
1277
12285
1797
5186
12533
786
5879
8983
13880
14370
5776
230
9227
8319
1848
7385
13418
7811
12964
7401
1480
6209
10305
8206
5542
2302
5254
6924
13065
4593
6557
4161
13970
8706
7046
6191
5103
2292
10872
7233
2111
7091
9055
14229
13507
7468
3905
2097
8598
4036
11170
5233
5664
11767
3012
267
11010
7231
10595
13382
9625
14000
3164
10633
2208
3040
2456
7466
5123
5985
8127
2404
8898
57
4386
1626
835
10043
6128
13649
11195
4746
8902
2067
10255
12356
5488
6066
4198
3881
6779
167
887
10289
1924
3618
5840
12783
8448
5625
5003
3273
10607
10931
10284
3074
13592
6289
14636
9056
9605
14081
3918
8973
7837
12769
10196
1053
6134
1691
11169
1046
6271
13636
6464
5828
12034
1637
8626
10753
8367
12253
8483
5063
13946
4490
9263
2499
8955
7122
12257
10723
1950
3208
1519
2706
12452
12234
10509
1096
2378
435
9007
13545
2583
11217
10146
5424
6375
9465
957
9163
9862
2516
9348
12811
12028
8139
1557
12997
12540
9523
11625
12226
627
3564
4202
731
4982
14369
10994
14510
8586
1263
6939
4814
2737
8029
2142
1042
10339
6467
3671
5202
8122
6763
10040
1943
6566
4463
10172
11805
3828
2647
5056
3734
8744
4893
10742
14550
8250
6257
922
13266
14013
5292
8488
12337
14518
781
1370
11537
1464
4709
735
6889
30
13233
7225
5820
5116
9720
2580
322
1979
2575
6040
9798
12684
7734
700
5796
1996
6905
8406
7549
9270
1725
11308
11716
11024
1940
12891
14468
2278
14622
10754
13793
1414
2761
5121
6315
6972
6739
9101
9240
